1 1 0.617188 0.150202 0 -0.150202 -0.617188 -1 -1 -1 -0.617188 -0.150202 0 0.150202 0.617188 1 1 
1 1 0.617188 0.150202 0 -0.150202 -0.617188 -1 -1 -1 -0.617188 -0.150202 0 0.150202 0.617188 1 1 
1 1 0.617188 0.150202 0 -0.150202 -0.617188 -1 -1 -1 -0.617188 -0.150202 0 0.150202 0.617188 1 1 
1 1 0.617188 0.150202 0 -0.150202 -0.617188 -1 -1 -1 -0.617188 -0.150202 0 0.150202 0.617188 1 1 
0.9 0.9 0.555469 0.135182 0 -0.135182 -0.555469 -0.9 -0.9 -0.9 -0.555469 -0.135182 0 0.135182 0.555469 0.9 0.9 
0.7 0.7 0.432032 0.105141 0 -0.105141 -0.432032 -0.7 -0.7 -0.7 -0.432032 -0.105141 0 0.105141 0.432032 0.7 0.7 
0.5 0.5 0.308594 0.0751009 0 -0.0751009 -0.308594 -0.5 -0.5 -0.5 -0.308594 -0.0751009 0 0.0751009 0.308594 0.5 0.5 
0.5 0.5 0.308594 0.0751009 0 -0.0751009 -0.308594 -0.5 -0.5 -0.5 -0.308594 -0.0751009 0 0.0751009 0.308594 0.5 0.5 
0.5 0.5 0.308594 0.0751009 0 -0.0751009 -0.308594 -0.5 -0.5 -0.5 -0.308594 -0.0751009 0 0.0751009 0.308594 0.5 0.5 
0.5 0.5 0.308594 0.0751009 0 -0.0751009 -0.308594 -0.5 -0.5 -0.5 -0.308594 -0.0751009 0 0.0751009 0.308594 0.5 0.5 
0.5 0.5 0.308594 0.0751009 0 -0.0751009 -0.308594 -0.5 -0.5 -0.5 -0.308594 -0.0751009 0 0.0751009 0.308594 0.5 0.5 
0.6 0.6 0.370313 0.0901211 0 -0.0901211 -0.370313 -0.6 -0.6 -0.6 -0.370313 -0.0901211 0 0.0901211 0.370313 0.6 0.6 
0.8 0.8 0.493751 0.120161 0 -0.120161 -0.493751 -0.8 -0.8 -0.8 -0.493751 -0.120161 0 0.120162 0.493751 0.8 0.8 
1 1 0.617188 0.150202 0 -0.150202 -0.617188 -1 -1 -1 -0.617188 -0.150202 0 0.150202 0.617188 1 1 
