0 0.320344 0.856446 1 1 1 0.856446 0.320344 0 -0.320344 -0.856446 -1 -1 -1 -0.856446 -0.320344 0 
0 0.320344 0.856446 1 1 1 0.856446 0.320344 0 -0.320344 -0.856446 -1 -1 -1 -0.856446 -0.320344 0 
0 0.320344 0.856446 1 1 1 0.856446 0.320344 0 -0.320344 -0.856446 -1 -1 -1 -0.856446 -0.320344 0 
0 0.320344 0.856446 1 1 1 0.856446 0.320344 0 -0.320344 -0.856446 -1 -1 -1 -0.856446 -0.320344 0 
0 0.28831 0.770801 0.9 0.9 0.9 0.770801 0.28831 0 -0.28831 -0.770801 -0.9 -0.9 -0.9 -0.770801 -0.28831 0 
0 0.224241 0.599512 0.7 0.7 0.7 0.599512 0.224241 0 -0.224241 -0.599512 -0.7 -0.7 -0.7 -0.599512 -0.224241 0 
0 0.160172 0.428223 0.5 0.5 0.5 0.428223 0.160172 0 -0.160172 -0.428223 -0.5 -0.5 -0.5 -0.428223 -0.160172 0 
0 0.160172 0.428223 0.5 0.5 0.5 0.428223 0.160172 0 -0.160172 -0.428223 -0.5 -0.5 -0.5 -0.428223 -0.160172 0 
0 0.160172 0.428223 0.5 0.5 0.5 0.428223 0.160172 0 -0.160172 -0.428223 -0.5 -0.5 -0.5 -0.428223 -0.160172 0 
0 0.160172 0.428223 0.5 0.5 0.5 0.428223 0.160172 0 -0.160172 -0.428223 -0.5 -0.5 -0.5 -0.428223 -0.160172 0 
0 0.160172 0.428223 0.5 0.5 0.5 0.428223 0.160172 0 -0.160172 -0.428223 -0.5 -0.5 -0.5 -0.428223 -0.160172 0 
0 0.192207 0.513867 0.6 0.6 0.6 0.513867 0.192207 0 -0.192207 -0.513867 -0.6 -0.6 -0.6 -0.513867 -0.192207 0 
0 0.256276 0.685156 0.8 0.8 0.8 0.685156 0.256275 0 -0.256276 -0.685157 -0.8 -0.8 -0.8 -0.685157 -0.256276 0 
0 0.320344 0.856446 1 1 1 0.856446 0.320344 0 -0.320344 -0.856446 -1 -1 -1 -0.856446 -0.320344 0 
