1 0.922114 0.848382 0.778688 0.71292 0.650963 0.592704 0.538029 0.486824 0.438976 0.39437 0.352894 0.314432 0.278872 0.246099 0.216 0.188461 0.163368 0.140608 0.120066 0.10163 0.085184 0.0706157 0.057811 0.046656 0.037037 0.0288403 0.021952 0.0162584 0.0116456 0.00800001 0.0052077 0.00315496 0.001728 0.000813037 0.000296297 6.40002e-05 2.37036e-06 0 0 0 0 0 0 0 0 0 0 0 0 0 0 0 0 0 0 0 0 0 0 0 0 0 0 0 0 0 0 0 0 0 0 0 0 0 0 0 0 0 0 0 0 0 0 0 0 0 0 0 0 0 0 0 0 0 0 0 0 0 0 0 
0 0.0766238 0.146644 0.210284 0.267765 0.319313 0.365148 0.405495 0.440576 0.470615 0.495834 0.516456 0.532705 0.544803 0.552974 0.55744 0.558424 0.55615 0.55084 0.542718 0.532006 0.518927 0.503705 0.486563 0.467722 0.447407 0.425841 0.403246 0.379846 0.355863 0.33152 0.307041 0.282648 0.258565 0.235014 0.212219 0.190403 0.169787 0.150591 0.132893 0.11664 0.101769 0.0882189 0.0759284 0.0648358 0.05488 0.0459994 0.0381325 0.0312179 0.0251943 0.02 0.0155738 0.0118541 0.00877953 0.00628865 0.00432 0.00281216 0.00170368 0.000933121 0.000439041 0.000160001 3.45599e-05 1.28e-06 0 0 0 0 0 0 0 0 0 0 0 0 0 0 0 0 0 0 0 0 0 0 0 0 0 0 0 0 0 0 0 0 0 0 0 0 0 0 
0 0.00125497 0.00491975 0.0108442 0.018878 0.0288711 0.0406733 0.0541343 0.0691041 0.0854323 0.102969 0.121564 0.141066 0.161327 0.182195 0.20352 0.225153 0.246942 0.268739 0.290392 0.311751 0.332667 0.352989 0.372566 0.39125 0.408889 0.425333 0.440433 0.454037 0.465996 0.47616 0.484378 0.490501 0.494377 0.495857 0.494791 0.491028 0.484419 0.474822 0.4623 0.44712 0.42956 0.409895 0.388403 0.365359 0.34104 0.315723 0.289684 0.263199 0.236546 0.21 0.183838 0.158337 0.133772 0.110421 0.08856 0.0684653 0.0504135 0.034681 0.0215444 0.01128 0.00416447 0.000474239 0 0 0 0 0 0 0 0 0 0 0 0 0 0 0 0 0 0 0 0 0 0 0 0 0 0 0 0 0 0 0 0 0 0 0 0 0 0 
0 6.82667e-06 5.46133e-05 0.00018432 0.000436907 0.000853333 0.00147456 0.00234155 0.00349525 0.00497664 0.00682667 0.00908629 0.0117965 0.0149982 0.0187324 0.02304 0.027962 0.0335394 0.0398131 0.0468241 0.0546133 0.0632218 0.0726903 0.08306 0.0943718 0.106667 0.119985 0.134369 0.149859 0.166496 0.18432 0.203373 0.223696 0.24533 0.268315 0.292693 0.318505 0.345791 0.37458 0.404591 0.43524 0.465927 0.496054 0.525021 0.552229 0.57708 0.598974 0.617312 0.631495 0.640924 0.645 0.643124 0.634697 0.61912 0.595794 0.56412 0.523499 0.473331 0.413018 0.341961 0.25956 0.165217 0.0583324 0 0 0 0 0 0 0 0 0 0 0 0 0 0 0 0 0 0 0 0 0 0 0 0 0 0 0 0 0 0 0 0 0 0 0 0 0 0 
0 0 0 0 0 0 0 0 0 0 0 0 0 0 0 0 0 0 0 0 0 0 0 0 0 0 0 0 0 0 0 0 0 0 0 0 0 0 7.99998e-06 0.000215999 0.000999997 0.002744 0.005832 0.010648 0.017576 0.027 0.039304 0.054872 0.074088 0.0973359 0.125 0.157464 0.195112 0.238328 0.287496 0.343 0.405224 0.474552 0.551368 0.636056 0.729 0.830584 0.941192 0.941192 0.830584 0.729 0.636056 0.551368 0.474552 0.405224 0.343 0.287496 0.238328 0.195112 0.157464 0.125 0.097336 0.074088 0.0548721 0.0393041 0.0270001 0.017576 0.010648 0.00583201 0.00274401 0.001 0.000216002 7.99998e-06 0 0 0 0 0 0 0 0 0 0 0 0 0 
0 0 0 0 0 0 0 0 0 0 0 0 0 0 0 0 0 0 0 0 0 0 0 0 0 0 0 0 0 0 0 0 0 0 0 0 0 0 0 0 0 0 0 0 0 0 0 0 0 0 0 0 0 0 0 0 0 0 0 0 0 0 0 0.0576239 0.159048 0.243 0.310632 0.363096 0.401544 0.427128 0.441 0.444312 0.438216 0.423864 0.402408 0.375 0.342792 0.306936 0.268584 0.228888 0.189 0.150072 0.113256 0.0797041 0.0505681 0.0270001 0.0101521 0.001176 0 0 0 0 0 0 0 0 0 0 0 0 0 
0 0 0 0 0 0 0 0 0 0 0 0 0 0 0 0 0 0 0 0 0 0 0 0 0 0 0 0 0 0 0 0 0 0 0 0 0 0 0 0 0 0 0 0 0 0 0 0 0 0 0 0 0 0 0 0 0 0 0 0 0 0 0 0.001176 0.010152 0.027 0.0505679 0.0797039 0.113256 0.150072 0.189 0.228888 0.268584 0.306936 0.342792 0.375 0.402408 0.423864 0.438216 0.444312 0.441 0.427128 0.401544 0.363096 0.310632 0.243 0.159048 0.0576239 0 0 0 0 0 0 0 0 0 0 0 0 0 
0 0 0 0 0 0 0 0 0 0 0 0 0 0 0 0 0 0 0 0 0 0 0 0 0 0 0 0 0 0 0 0 0 0 0 0 0 0 0 0 0 0 0 0 0 0 0 0 0 0 0 0 0 0 0 0 0 0 0 0 0 0 0 7.99998e-06 0.000215999 0.000999997 0.00274399 0.00583198 0.010648 0.017576 0.027 0.039304 0.0548719 0.0740879 0.097336 0.125 0.157464 0.195112 0.238328 0.287496 0.343 0.405224 0.474552 0.551368 0.636056 0.729 0.830584 0.941192 0.884736 0.681472 0.512 0.373248 0.262144 0.175616 0.110592 0.064 0.0327681 0.013824 0.00409602 0.000512008 0 
0 0 0 0 0 0 0 0 0 0 0 0 0 0 0 0 0 0 0 0 0 0 0 0 0 0 0 0 0 0 0 0 0 0 0 0 0 0 0 0 0 0 0 0 0 0 0 0 0 0 0 0 0 0 0 0 0 0 0 0 0 0 0 0 0 0 0 0 0 0 0 0 0 0 0 0 0 0 0 0 0 0 0 0 0 0 0 0 0.110592 0.278784 0.384 0.435456 0.442368 0.413952 0.359424 0.288 0.208896 0.131328 0.0645122 0.0176642 0 
0 0 0 0 0 0 0 0 0 0 0 0 0 0 0 0 0 0 0 0 0 0 0 0 0 0 0 0 0 0 0 0 0 0 0 0 0 0 0 0 0 0 0 0 0 0 0 0 0 0 0 0 0 0 0 0 0 0 0 0 0 0 0 0 0 0 0 0 0 0 0 0 0 0 0 0 0 0 0 0 0 0 0 0 0 0 0 0 0.00460799 0.0380159 0.0959998 0.169344 0.248832 0.325248 0.389376 0.432 0.443904 0.415872 0.338688 0.203137 0 
0 0 0 0 0 0 0 0 0 0 0 0 0 0 0 0 0 0 0 0 0 0 0 0 0 0 0 0 0 0 0 0 0 0 0 0 0 0 0 0 0 0 0 0 0 0 0 0 0 0 0 0 0 0 0 0 0 0 0 0 0 0 0 0 0 0 0 0 0 0 0 0 0 0 0 0 0 0 0 0 0 0 0 0 0 0 0 0 6.39998e-05 0.001728 0.00799998 0.0219519 0.0466559 0.085184 0.140608 0.216 0.314432 0.438976 0.592703 0.778687 1 
0 0 0 0 0 0 0 0 0 0 0 0 0 0 0 0 0 0 0 0 0 0 0 0 0 0 0 0 0 0 0 0 0 0 0 0 0 0 0 0 0 0 0 0 0 0 0 0 0 0 0 0 0 0 0 0 0 0 0 0 0 0 0 0 0 0 0 0 0 0 0 0 0 0 0 0 0 0 0 0 0 0 0 0 0 0 0 0 0 0 0 0 0 0 0 0 0 0 0 0 0 
