-1.5 -1.48011 -1.42528 -1.34332 -1.24209 -1.12895 -1.01028 -0.891305 -0.776005 -0.667231 -0.566828 -0.475819 -0.394592 -0.323065 -0.260836 -0.207299 -0.161736 -0.123389 -0.0915047 -0.0653744 -0.044355 -0.0278871 -0.0155079 -0.00686328 -0.0017226 0 0 0 0 0 0 0 0 0 0 0 0 0 0 0 0 0 0 0 0 0 0 0 0 0 0 0 0 0 0 0 0 0 0 0 0 0 0 0 0 0 0 0 0 0 0 0 0 0 0 0 0 0 0 0 0 0 0 0 0 0 0 0 0 0 0 0 0 0 0 0 0 0 0 0 0 
1.5 1.30824 1.10096 0.889244 0.682515 0.48809 0.311112 0.154698 0.0202407 -0.0922278 -0.183665 -0.255681 -0.31026 -0.349542 -0.375664 -0.390656 -0.396366 -0.39443 -0.386249 -0.372992 -0.355592 -0.334756 -0.310967 -0.284477 -0.255293 -0.42 -0.377959 -0.336386 -0.296491 -0.259081 -0.224636 -0.193384 -0.165371 -0.140508 -0.118625 -0.0995005 -0.0828888 -0.0685367 -0.0561965 -0.0456331 -0.0366292 -0.0289875 -0.0225318 -0.0171073 -0.0125808 -0.00884073 -0.00579886 -0.00339361 -0.00159745 -0.000432148 0 0 0 0 0 0 0 0 0 0 0 0 0 0 0 0 0 0 0 0 0 0 0 0 0 0 0 0 0 0 0 0 0 0 0 0 0 0 0 0 0 0 0 0 0 0 0 0 0 0 0 
0 0.1144 0.214926 0.298789 0.364753 0.412927 0.444466 0.461235 0.465502 0.459683 0.446144 0.427073 0.404404 0.379779 0.354547 0.329781 0.306301 0.284707 0.265411 0.248659 0.234555 0.223077 0.214078 0.207278 0.202246 -0.24 -0.288392 -0.323178 -0.346028 -0.358741 -0.363093 -0.360745 -0.353184 -0.341697 -0.327374 -0.311107 -0.293616 -0.275461 -0.257067 -0.238735 -0.220661 -0.20294 -0.185569 -0.168441 -0.151326 -0.133828 -0.115322 -0.0948227 -0.0707683 -0.0406065 0 0 0 0 0 0 0 0 0 0 0 0 0 0 0 0 0 0 0 0 0 0 0 0 0 0 0 0 0 0 0 0 0 0 0 0 0 0 0 0 0 0 0 0 0 0 0 0 0 0 0 
0 0.000298391 0.00117554 0.00258326 0.00445454 0.00671509 0.00929343 0.0121285 0.015175 0.0184061 0.0218146 0.0254135 0.0292352 0.0333314 0.0377737 0.0426537 0.0480863 0.0542123 0.0612044 0.0692748 0.0786862 0.0897674 0.102934 0.118721 0.137823 0.36 0.352566 0.337716 0.317849 0.295092 0.271246 0.24777 0.225809 0.20622 0.189621 0.17643 0.166906 0.161185 0.159298 0.161197 0.166758 0.175777 0.187955 0.202856 0.219838 0.237925 0.255596 0.270403 0.278287 0.272289 -0.75 -0.785891 -0.779207 -0.740169 -0.679548 -0.607012 -0.53026 -0.454811 -0.38421 -0.320421 -0.26426 -0.215777 -0.174554 -0.139925 -0.111118 -0.0873486 -0.0678736 -0.0520165 -0.0391792 -0.028842 -0.0205598 -0.0139549 -0.0087137 -0.0045967 -0.00151511 0 0 0 0 0 0 0 0 0 0 0 0 0 0 0 0 0 0 0 0 0 0 0 0 0 0 
0 0 0 0 0 0 0 0 0 0 0 0 0 0 0 0 0 0 0 0 0 0 0 0 0 0 0.00046052 0.00176408 0.00379969 0.00647285 0.00971292 0.0134775 0.017755 0.0225665 0.0279674 0.0340508 0.0409516 0.048854 0.0580024 0.0687174 0.0814191 0.0966615 0.115183 0.13798 0.166425 0.202439 0.248778 0.309499 0.390766 0.50228 0.75 0.451077 0.170639 -0.0730464 -0.270253 -0.418629 -0.521103 -0.583691 -0.613701 -0.618491 -0.604741 -0.57812 -0.543216 -0.5036 -0.461971 -0.420314 -0.380052 -0.342176 -0.307343 -0.275934 -0.248038 -0.223284 -0.200229 -0.174311 -0.1299 0 0 0 0 0 0 0 0 0 0 0 0 0 0 0 0 0 0 0 0 0 0 0 0 0 0 
0 0 0 0 0 0 0 0 0 0 0 0 0 0 0 0 0 0 0 0 0 0 0 0 0 0 0 0 0 0 0 0 0 0 0 0 0 0 0 0 0 0 0 0 0 0 0 0 0 0 0 0.222534 0.401084 0.529047 0.607702 0.643642 0.646116 0.624918 0.589032 0.545941 0.50144 0.459718 0.42358 0.394688 0.373751 0.360621 0.354232 0.352287 0.350486 0.340827 0.307832 0.219695 0.00546857 -0.511902 -1.85256 0 0 0 0 0 0 0 0 0 0 0 0 0 0 0 0 0 0 0 0 0 0 0 0 0 0 
0 0 0 0 0 0 0 0 0 0 0 0 0 0 0 0 0 0 0 0 0 0 0 0 0 0 0 0 0 0 0 0 0 0 0 0 0 0 0 0 0 0 0 0 0 0 0 0 0 0 0 0.00118746 0.00461578 0.00995627 0.0168172 0.0248561 0.0338539 0.0437525 0.0546688 0.0669005 0.0809363 0.0974831 0.11752 0.142399 0.174001 0.215017 0.269397 0.343144 0.445736 0.592845 0.81183 1.15384 1.72323 2.75964 4.91473 -1.5 -1.57178 -1.55841 -1.48034 -1.3591 -1.21402 -1.06052 -0.909622 -0.76842 -0.640842 -0.52852 -0.431554 -0.349109 -0.27985 -0.222236 -0.174697 -0.135747 -0.104033 -0.0783583 -0.0576841 -0.0411197 -0.0279099 -0.0174274 -0.0091934 -0.00303022 0 
0 0 0 0 0 0 0 0 0 0 0 0 0 0 0 0 0 0 0 0 0 0 0 0 0 0 0 0 0 0 0 0 0 0 0 0 0 0 0 0 0 0 0 0 0 0 0 0 0 0 0 0 0 0 0 0 0 0 0 0 0 0 0 0 0 0 0 0 0 0 0 0 0 0 0 1.5 1.23697 0.949845 0.667123 0.409296 0.188383 0.009157 -0.12888 -0.229491 -0.29807 -0.34048 -0.362343 -0.368662 -0.363675 -0.350853 -0.332965 -0.312179 -0.29016 -0.268164 -0.247092 -0.227478 -0.209329 -0.191515 -0.169714 -0.128385 0 
0 0 0 0 0 0 0 0 0 0 0 0 0 0 0 0 0 0 0 0 0 0 0 0 0 0 0 0 0 0 0 0 0 0 0 0 0 0 0 0 0 0 0 0 0 0 0 0 0 0 0 0 0 0 0 0 0 0 0 0 0 0 0 0 0 0 0 0 0 0 0 0 0 0 0 0 0.222534 0.401084 0.529047 0.607702 0.643642 0.646116 0.624918 0.589032 0.545941 0.50144 0.459718 0.42358 0.394688 0.373751 0.360621 0.354232 0.352287 0.350486 0.340827 0.307832 0.219695 0.00546857 -0.511902 -1.85256 -6 
0 0 0 0 0 0 0 0 0 0 0 0 0 0 0 0 0 0 0 0 0 0 0 0 0 0 0 0 0 0 0 0 0 0 0 0 0 0 0 0 0 0 0 0 0 0 0 0 0 0 0 0 0 0 0 0 0 0 0 0 0 0 0 0 0 0 0 0 0 0 0 0 0 0 0 0 0.00118746 0.00461578 0.00995627 0.0168172 0.0248561 0.0338539 0.0437525 0.0546688 0.0669005 0.0809363 0.0974831 0.11752 0.142399 0.174001 0.215017 0.269397 0.343144 0.445736 0.592845 0.81183 1.15384 1.72323 2.75964 4.91473 10.5 
0 0 0 0 0 0 0 0 0 0 0 0 0 0 0 0 0 0 0 0 0 0 0 0 0 0 0 0 0 0 0 0 0 0 0 0 0 0 0 0 0 0 0 0 0 0 0 0 0 0 0 0 0 0 0 0 0 0 0 0 0 0 0 0 0 0 0 0 0 0 0 0 0 0 0 0 0 0 0 0 0 0 0 0 0 0 0 0 0 0 0 0 0 0 0 0 0 0 0 0 0 
